3999901013
3999901027
3999901051
3999901069
3999901079
3999901097
3999901141
3999901153
3999901159
3999901163
3999901177
3999901187
3999901231
3999901249
3999901259
3999901277
3999901289
3999901291
3999901303
3999901307
3999901313
3999901331
3999901343
3999901349
3999901351
3999901379
3999901429
3999901459
3999901463
3999901547
3999901553
3999901561
3999901571
3999901579
3999901597
3999901621
3999901639
3999901651
3999901663
3999901673
3999901727
3999901751
3999901769
3999901777
3999901781
3999901783
3999901819
3999901837
3999901847
3999901877
3999901901
3999901979
3999901981
3999901999
3999902047
3999902083
3999902119
3999902129
3999902191
3999902201
3999902237
3999902299
3999902329
3999902339
3999902351
3999902369
3999902371
3999902447
3999902449
3999902461
3999902507
3999902509
3999902593
3999902597
3999902603
3999902623
3999902639
3999902729
3999902741
3999902761
3999902773
3999902801
3999902833
3999902867
3999902903
3999902909
3999902917
3999903001
3999903023
3999903077
3999903107
3999903121
3999903137
3999903139
3999903151
3999903203
3999903209
3999903217
3999903223
3999903233
3999903263
3999903317
3999903359
3999903373
3999903419
3999903421
3999903437
3999903443
3999903449
3999903511
3999903533
3999903553
3999903569
3999903571
3999903629
3999903637
3999903647
3999903653
3999903671
3999903679
3999903683
3999903697
3999903727
3999903811
3999903823
3999903847
3999903877
3999903889
3999903911
3999903961
3999903979
3999903983
3999904021
3999904031
3999904037
3999904043
3999904049
3999904057
3999904157
3999904169
3999904213
3999904219
3999904231
3999904241
3999904267
3999904283
3999904291
3999904297
3999904331
3999904343
3999904361
3999904367
3999904399
3999904411
3999904417
3999904429
3999904463
3999904477
3999904507
3999904511
3999904589
3999904621
3999904633
3999904679
3999904693
3999904703
3999904739
3999904771
3999904787
3999904793
3999904847
3999904889
3999904913
3999904927
3999904963
3999904973
3999905003
3999905051
3999905057
3999905113
3999905131
3999905141
3999905191
3999905233
3999905257
3999905263
3999905269
3999905297
3999905339
3999905341
3999905353
3999905363
3999905407
3999905419
3999905467
3999905471
3999905509
3999905521
3999905527
3999905543
3999905549
3999905573
3999905587
3999905621
3999905633
3999905647
3999905653
3999905659
3999905687
3999905699
3999905711
3999905759
3999905857
3999905867
3999905941
3999905951
3999905957
3999905981
3999905983
3999905989
3999905999
3999906041
3999906061
3999906067
3999906073
3999906083
3999906137
3999906221
3999906233
3999906271
3999906289
3999906293
3999906329
3999906367
3999906437
3999906439
3999906451
3999906479
3999906487
3999906503
3999906551
3999906553
3999906587
3999906601
3999906611
3999906653
3999906671
3999906683
3999906721
3999906769
3999906811
3999906851
3999906853
3999906881
3999906899
3999906917
3999906919
3999906929
3999906949
3999906997
3999907019
3999907027
3999907057
3999907073
3999907081
3999907103
3999907117
3999907127
3999907139
3999907181
3999907193
3999907267
3999907309
3999907313
3999907319
3999907321
3999907337
3999907393
3999907399
3999907409
3999907451
3999907453
3999907477
3999907489
3999907519
3999907523
3999907547
3999907553
3999907573
3999907589
3999907619
3999907627
3999907657
3999907663
3999907733
3999907739
3999907741
3999907763
3999907777
3999907783
3999907817
3999907819
3999907841
3999907843
3999907867
3999907957
3999907993
3999908041
3999908093
3999908111
3999908119
3999908123
3999908131
3999908137
3999908167
3999908191
3999908243
3999908249
3999908267
3999908323
3999908371
3999908377
3999908387
3999908417
3999908431
3999908441
3999908453
3999908459
3999908467
3999908477
3999908503
3999908603
3999908609
3999908621
3999908629
3999908663
3999908669
3999908677
3999908701
3999908729
3999908749
3999908779
3999908797
3999908851
3999908921
3999908947
3999908963
3999908987
3999908999
3999909029
3999909049
3999909059
3999909061
3999909077
3999909083
3999909101
3999909157
3999909163
3999909167
3999909181
3999909217
3999909233
3999909247
3999909259
3999909269
3999909271
3999909293
3999909301
3999909343
3999909349
3999909359
3999909377
3999909391
3999909401
3999909421
3999909427
3999909439
3999909449
3999909533
3999909541
3999909547
3999909559
3999909601
3999909701
3999909721
3999909733
3999909791
3999909803
3999909817
3999909833
3999909863
3999909877
3999909911
3999909913
3999909919
3999909937
3999909973
3999910027
3999910051
3999910063
3999910069
3999910081
3999910087
3999910091
3999910141
3999910163
3999910183
3999910217
3999910223
3999910237
3999910241
3999910283
3999910319
3999910351
3999910367
3999910393
3999910403
3999910417
3999910451
3999910459
3999910469
3999910471
3999910507
3999910531
3999910559
3999910589
3999910591
3999910597
3999910601
3999910619
3999910667
3999910679
3999910729
3999910751
3999910757
3999910763
3999910769
3999910781
3999910793
3999910801
3999910813
3999910819
3999910829
3999910861
3999910877
3999910897
3999910903
3999910919
3999910991
3999911009
3999911023
3999911039
3999911051
3999911053
3999911057
3999911063
3999911089
3999911131
3999911207
3999911239
3999911243
3999911263
3999911273
3999911287
3999911291
3999911353
3999911387
3999911417
3999911441
3999911467
3999911473
3999911477
3999911501
3999911519
3999911533
3999911551
3999911563
3999911567
3999911569
3999911599
3999911621
3999911651
3999911719
3999911723
3999911753
3999911777
3999911789
3999911801
3999911819
3999911821
3999911843
3999911893
3999911917
3999911957
3999911969
3999912001
3999912011
3999912101
3999912109
3999912131
3999912157
3999912187
3999912223
3999912227
3999912229
3999912239
3999912263
3999912271
3999912349
3999912353
3999912373
3999912379
3999912391
3999912401
3999912419
3999912431
3999912479
3999912523
3999912569
3999912751
3999912757
3999912781
3999912799
3999912803
3999912811
3999912823
3999912827
3999912853
3999912859
3999912869
3999912877
3999912907
3999912929
3999912937
3999912947
3999912979
3999912989
3999913033
3999913037
3999913039
3999913087
3999913091
3999913109
3999913111
3999913121
3999913123
3999913129
3999913147
3999913217
3999913223
3999913249
3999913261
3999913271
3999913273
3999913283
3999913303
3999913343
3999913349
3999913367
3999913369
3999913373
3999913381
3999913397
3999913409
3999913441
3999913447
3999913469
3999913481
3999913487
3999913499
3999913529
3999913571
3999913579
3999913583
3999913597
3999913609
3999913633
3999913637
3999913651
3999913669
3999913691
3999913703
3999913721
3999913733
3999913781
3999913829
3999913847
3999913861
3999913891
3999913903
3999913913
3999913933
3999913987
3999913993
3999914011
3999914057
3999914099
3999914183
3999914189
3999914227
3999914231
3999914239
3999914251
3999914299
3999914323
3999914329
3999914357
3999914389
3999914393
3999914417
3999914419
3999914423
3999914453
3999914483
3999914497
3999914519
3999914533
3999914537
3999914557
3999914573
3999914587
3999914603
3999914621
3999914627
3999914641
3999914689
3999914693
3999914719
3999914729
3999914731
3999914749
3999914759
3999914761
3999914773
3999914801
3999914803
3999914861
3999914869
3999914899
3999914909
3999914923
3999914939
3999914951
3999914959
3999914977
3999915037
3999915041
3999915047
3999915077
3999915079
3999915107
3999915149
3999915197
3999915259
3999915289
3999915299
3999915313
3999915347
3999915373
3999915379
3999915421
3999915449
3999915457
3999915467
3999915529
3999915539
3999915541
3999915551
3999915583
3999915631
3999915641
3999915653
3999915707
3999915713
3999915719
3999915727
3999915743
3999915767
3999915779
3999915781
3999915793
3999915811
3999915823
3999915841
3999915863
3999915869
3999915911
3999915919
3999915961
3999915977
3999915991
3999916001
3999916003
3999916021
3999916049
3999916091
3999916121
3999916133
3999916139
3999916159
3999916187
3999916199
3999916273
3999916289
3999916301
3999916313
3999916331
3999916363
3999916399
3999916411
3999916439
3999916447
3999916469
3999916471
3999916477
3999916489
3999916493
3999916511
3999916513
3999916589
3999916597
3999916603
3999916607
3999916733
3999916747
3999916759
3999916769
3999916787
3999916793
3999916799
3999916829
3999916849
3999916897
3999916933
3999916937
3999916967
3999916981
3999916997
3999917057
3999917059
3999917099
3999917113
3999917167
3999917171
3999917263
3999917279
3999917303
3999917333
3999917359
3999917381
3999917399
3999917407
3999917413
3999917447
3999917459
3999917461
3999917479
3999917489
3999917497
3999917503
3999917591
3999917609
3999917611
3999917617
3999917687
3999917707
3999917723
3999917783
3999917843
3999917849
3999917861
3999917863
3999917891
3999917923
3999917951
3999917993
3999918001
3999918031
3999918037
3999918067
3999918089
3999918137
3999918163
3999918203
3999918229
3999918257
3999918259
3999918269
3999918277
3999918289
3999918341
3999918347
3999918353
3999918401
3999918407
3999918421
3999918449
3999918469
3999918473
3999918493
3999918509
3999918539
3999918541
3999918547
3999918553
3999918557
3999918581
3999918607
3999918613
3999918617
3999918679
3999918731
3999918737
3999918749
3999918787
3999918803
3999918823
3999918829
3999918841
3999918847
3999918883
3999918889
3999918911
3999918913
3999918917
3999919019
3999919031
3999919061
3999919081
3999919097
3999919129
3999919139
3999919153
3999919199
3999919207
3999919237
3999919241
3999919247
3999919277
3999919289
3999919309
3999919321
3999919327
3999919361
3999919379
3999919433
3999919459
3999919471
3999919589
3999919591
3999919597
3999919603
3999919619
3999919667
3999919709
3999919711
3999919741
3999919757
3999919769
3999919771
3999919787
3999919793
3999919837
3999919849
3999919883
3999919897
3999919901
3999919907
3999919909
3999919951
3999919967
3999919993
3999919997
3999920027
3999920059
3999920077
3999920083
3999920131
3999920143
3999920153
3999920159
3999920209
3999920233
3999920237
3999920251
3999920263
3999920273
3999920341
3999920369
3999920387
3999920411
3999920461
3999920467
3999920471
3999920513
3999920549
3999920611
3999920647
3999920651
3999920677
3999920693
3999920723
3999920761
3999920783
3999920791
3999920801
3999920819
3999920833
3999920861
3999920863
3999920879
3999920891
3999920909
3999920959
3999920963
3999921011
3999921049
3999921067
3999921073
3999921137
3999921161
3999921169
3999921179
3999921217
3999921253
3999921257
3999921269
3999921301
3999921389
3999921451
3999921473
3999921479
3999921481
3999921503
3999921557
3999921581
3999921589
3999921613
3999921617
3999921647
3999921677
3999921797
3999921803
3999921811
3999921833
3999921851
3999921869
3999921941
3999921943
3999921949
3999921953
3999921967
3999921977
3999921979
3999922001
3999922057
3999922079
3999922109
3999922117
3999922151
3999922153
3999922159
3999922193
3999922207
3999922211
3999922217
3999922247
3999922253
3999922261
3999922279
3999922301
3999922309
3999922369
3999922373
3999922397
3999922489
3999922543
3999922547
3999922559
3999922601
3999922603
3999922607
3999922621
3999922631
3999922657
3999922699
3999922727
3999922747
3999922781
3999922783
3999922789
3999922831
3999922889
3999922891
3999922903
3999922919
3999922931
3999922967
3999922973
3999923003
3999923021
3999923027
3999923041
3999923063
3999923089
3999923101
3999923177
3999923201
3999923219
3999923233
3999923243
3999923269
3999923299
3999923311
3999923363
3999923393
3999923401
3999923423
3999923437
3999923441
3999923449
3999923471
3999923483
3999923531
3999923533
3999923539
3999923561
3999923563
3999923573
3999923593
3999923611
3999923671
3999923677
3999923689
3999923699
3999923723
3999923743
3999923747
3999923771
3999923773
3999923777
3999923783
3999923789
3999923819
3999923827
3999923843
3999923849
3999923857
3999923891
3999923927
3999923953
3999923959
3999923987
3999923989
3999924007
3999924029
3999924041
3999924083
3999924127
3999924157
3999924163
3999924191
3999924197
3999924211
3999924239
3999924307
3999924337
3999924349
3999924353
3999924359
3999924361
3999924413
3999924427
3999924433
3999924437
3999924449
3999924491
3999924521
3999924541
3999924569
3999924581
3999924587
3999924601
3999924623
3999924653
3999924659
3999924683
3999924737
3999924739
3999924751
3999924769
3999924791
3999924809
3999924811
3999924827
3999924829
3999924833
3999924881
3999924937
3999924977
3999924979
3999925003
3999925043
3999925057
3999925063
3999925067
3999925073
3999925081
3999925159
3999925187
3999925217
3999925283
3999925289
3999925333
3999925339
3999925343
3999925351
3999925361
3999925379
3999925451
3999925453
3999925481
3999925499
3999925507
3999925511
3999925513
3999925571
3999925603
3999925609
3999925639
3999925649
3999925667
3999925673
3999925693
3999925703
3999925739
3999925751
3999925757
3999925777
3999925781
3999925817
3999925819
3999925873
3999925879
3999925901
3999925931
3999926003
3999926017
3999926041
3999926053
3999926071
3999926081
3999926083
3999926131
3999926153
3999926173
3999926179
3999926191
3999926213
3999926233
3999926237
3999926261
3999926269
3999926291
3999926317
3999926321
3999926327
3999926347
3999926401
3999926407
3999926419
3999926431
3999926453
3999926459
3999926501
3999926507
3999926509
3999926519
3999926561
3999926591
3999926603
3999926633
3999926701
3999926717
3999926743
3999926747
3999926767
3999926851
3999926899
3999926933
3999926947
3999926971
3999926977
3999927031
3999927049
3999927073
3999927091
3999927097
3999927133
3999927137
3999927187
3999927221
3999927223
3999927233
3999927257
3999927259
3999927271
3999927277
3999927293
3999927311
3999927313
3999927389
3999927391
3999927413
3999927419
3999927469
3999927559
3999927571
3999927583
3999927593
3999927629
3999927641
3999927683
3999927703
3999927707
3999927727
3999927803
3999927829
3999927871
3999927887
3999927889
3999927917
3999927959
3999927961
3999928001
3999928027
3999928033
3999928057
3999928081
3999928087
3999928103
3999928129
3999928133
3999928199
3999928213
3999928223
3999928259
3999928267
3999928277
3999928297
3999928313
3999928369
3999928409
3999928421
3999928441
3999928489
3999928511
3999928531
3999928547
3999928579
3999928631
3999928679
3999928739
3999928753
3999928831
3999928847
3999928859
3999928871
3999928879
3999928903
3999928927
3999928967
3999928973
3999928987
3999929041
3999929113
3999929117
3999929119
3999929177
3999929179
3999929183
3999929207
3999929221
3999929231
3999929243
3999929251
3999929293
3999929327
3999929347
3999929357
3999929383
3999929387
3999929431
3999929447
3999929467
3999929491
3999929497
3999929513
3999929543
3999929561
3999929569
3999929579
3999929629
3999929669
3999929671
3999929741
3999929767
3999929771
3999929797
3999929803
3999929809
3999929819
3999929851
3999929863
3999929867
3999929887
3999929903
3999929909
3999929933
3999929959
3999929963
3999929987
3999930007
3999930019
3999930061
3999930113
3999930127
3999930131
3999930139
3999930157
3999930199
3999930203
3999930223
3999930229
3999930239
3999930257
3999930307
3999930313
3999930349
3999930353
3999930359
3999930367
3999930373
3999930379
3999930383
3999930397
3999930401
3999930413
3999930427
3999930457
3999930481
3999930497
3999930503
3999930523
3999930533
3999930553
3999930577
3999930611
3999930637
3999930653
3999930661
3999930677
3999930679
3999930709
3999930719
3999930757
3999930791
3999930793
3999930811
3999930871
3999930877
3999930881
3999930889
3999930929
3999930953
3999930973
3999930997
3999931027
3999931051
3999931063
3999931093
3999931109
3999931123
3999931141
3999931163
3999931171
3999931181
3999931217
3999931237
3999931249
3999931283
3999931297
3999931301
3999931303
3999931363
3999931367
3999931387
3999931391
3999931393
3999931409
3999931417
3999931427
3999931447
3999931451
3999931469
3999931477
3999931499
3999931549
3999931553
3999931567
3999931577
3999931591
3999931687
3999931697
3999931709
3999931723
3999931739
3999931753
3999931763
3999931777
3999931781
3999931801
3999931811
3999931823
3999931843
3999931847
3999931849
3999931913
3999931961
3999931967
3999932009
3999932017
3999932033
3999932059
3999932071
3999932089
3999932107
3999932113
3999932119
3999932129
3999932147
3999932149
3999932171
3999932219
3999932239
3999932273
3999932291
3999932333
3999932351
3999932357
3999932371
3999932381
3999932393
3999932399
3999932513
3999932549
3999932551
3999932557
3999932621
3999932623
3999932639
3999932659
3999932681
3999932689
3999932701
3999932707
3999932753
3999932773
3999932777
3999932857
3999932861
3999932927
3999932933
3999932969
3999933011
3999933071
3999933079
3999933103
3999933109
3999933127
3999933139
3999933163
3999933191
3999933307
3999933313
3999933337
3999933439
3999933481
3999933499
3999933517
3999933527
3999933557
3999933563
3999933569
3999933571
3999933583
3999933617
3999933629
3999933643
3999933647
3999933649
3999933709
3999933737
3999933761
3999933787
3999933793
3999933823
3999933857
3999933871
3999933881
3999933913
3999933943
3999933947
3999933989
3999933991
3999933997
3999934019
3999934039
3999934073
3999934153
3999934181
3999934223
3999934229
3999934231
3999934249
3999934259
3999934297
3999934307
3999934319
3999934331
3999934339
3999934343
3999934349
3999934357
3999934361
3999934363
3999934429
3999934501
3999934507
3999934553
3999934633
3999934637
3999934667
3999934699
3999934711
3999934717
3999934753
3999934781
3999934793
3999934801
3999934817
3999934819
3999934849
3999934931
3999934933
3999934943
3999934957
3999934969
3999934973
3999935003
3999935011
3999935021
3999935039
3999935059
3999935089
3999935101
3999935111
3999935161
3999935201
3999935213
3999935237
3999935243
3999935273
3999935297
3999935327
3999935333
3999935341
3999935377
3999935383
3999935413
3999935453
3999935483
3999935507
3999935539
3999935557
3999935573
3999935587
3999935609
3999935617
3999935657
3999935683
3999935701
3999935717
3999935741
3999935761
3999935789
3999935827
3999935837
3999935869
3999935897
3999935909
3999935923
3999935959
3999936037
3999936047
3999936091
3999936131
3999936151
3999936163
3999936197
3999936203
3999936217
3999936223
3999936253
3999936263
3999936271
3999936277
3999936313
3999936361
3999936407
3999936503
3999936517
3999936547
3999936569
3999936587
3999936593
3999936599
3999936607
3999936617
3999936643
3999936751
3999936757
3999936761
3999936767
3999936793
3999936797
3999936827
3999936847
3999936859
3999936881
3999936883
3999936887
3999936971
3999937003
3999937063
3999937103
3999937121
3999937127
3999937141
3999937147
3999937211
3999937217
3999937241
3999937267
3999937297
3999937309
3999937313
3999937343
3999937349
3999937369
3999937387
3999937427
3999937457
3999937477
3999937481
3999937537
3999937547
3999937553
3999937561
3999937597
3999937619
3999937621
3999937637
3999937639
3999937663
3999937681
3999937729
3999937763
3999937813
3999937831
3999937847
3999937861
3999937913
3999937943
3999937979
3999937987
3999937993
3999937999
3999938003
3999938023
3999938039
3999938057
3999938069
3999938081
3999938203
3999938213
3999938219
3999938263
3999938287
3999938291
3999938309
3999938321
3999938353
3999938357
3999938377
3999938399
3999938429
3999938479
3999938497
3999938531
3999938597
3999938603
3999938627
3999938633
3999938641
3999938669
3999938681
3999938693
3999938699
3999938707
3999938731
3999938749
3999938797
3999938821
3999938827
3999938861
3999938863
3999938893
3999938911
3999938923
3999938933
3999938963
3999939007
3999939011
3999939019
3999939029
3999939059
3999939137
3999939149
3999939157
3999939221
3999939227
3999939233
3999939241
3999939247
3999939257
3999939287
3999939301
3999939323
3999939341
3999939431
3999939439
3999939473
3999939479
3999939481
3999939491
3999939511
3999939551
3999939553
3999939583
3999939599
3999939667
3999939677
3999939737
3999939833
3999939949
3999939953
3999939961
3999939971
3999939989
3999939991
3999940003
3999940031
3999940069
3999940099
3999940103
3999940117
3999940151
3999940171
3999940193
3999940207
3999940229
3999940253
3999940379
3999940393
3999940411
3999940429
3999940433
3999940493
3999940501
3999940513
3999940531
3999940541
3999940573
3999940579
3999940601
3999940613
3999940621
3999940631
3999940643
3999940657
3999940699
3999940709
3999940729
3999940783
3999940811
3999940823
3999940843
3999940849
3999940871
3999940927
3999940949
3999940951
3999940979
3999940991
3999941003
3999941039
3999941041
3999941083
3999941119
3999941149
3999941159
3999941171
3999941173
3999941189
3999941213
3999941249
3999941273
3999941317
3999941357
3999941383
3999941401
3999941417
3999941419
3999941453
3999941531
3999941549
3999941587
3999941599
3999941623
3999941663
3999941723
3999941789
3999941801
3999941833
3999941851
3999941867
3999941879
3999941887
3999941927
3999941929
3999941941
3999941977
3999941999
3999942007
3999942031
3999942103
3999942109
3999942119
3999942139
3999942157
3999942161
3999942197
3999942227
3999942251
3999942269
3999942281
3999942319
3999942337
3999942367
3999942433
3999942449
3999942451
3999942467
3999942511
3999942521
3999942547
3999942553
3999942571
3999942601
3999942607
3999942619
3999942629
3999942647
3999942649
3999942703
3999942763
3999942781
3999942797
3999942799
3999942829
3999942839
3999942847
3999942887
3999942907
3999942917
3999942923
3999942929
3999942941
3999942997
3999943007
3999943027
3999943049
3999943069
3999943111
3999943121
3999943159
3999943193
3999943219
3999943223
3999943253
3999943261
3999943273
3999943333
3999943391
3999943393
3999943399
3999943411
3999943417
3999943421
3999943471
3999943489
3999943499
3999943529
3999943537
3999943567
3999943573
3999943579
3999943589
3999943621
3999943637
3999943663
3999943693
3999943699
3999943729
3999943741
3999943769
3999943771
3999943799
3999943811
3999943817
3999943841
3999943847
3999943861
3999943873
3999943891
3999943903
3999943931
3999943933
3999943949
3999943951
3999943963
3999943967
3999944023
3999944029
3999944063
3999944077
3999944147
3999944171
3999944173
3999944209
3999944231
3999944233
3999944243
3999944303
3999944359
3999944371
3999944401
3999944413
3999944449
3999944453
3999944497
3999944573
3999944587
3999944617
3999944639
3999944653
3999944687
3999944701
3999944717
3999944747
3999944791
3999944797
3999944803
3999944813
3999944833
3999944843
3999944863
3999944867
3999944873
3999944891
3999944947
3999945107
3999945109
3999945119
3999945121
3999945133
3999945149
3999945163
3999945217
3999945239
3999945259
3999945289
3999945307
3999945343
3999945349
3999945353
3999945373
3999945377
3999945431
3999945449
3999945461
3999945511
3999945529
3999945541
3999945557
3999945581
3999945671
3999945689
3999945737
3999945743
3999945751
3999945787
3999945869
3999945907
3999945919
3999945941
3999945947
3999945967
3999945973
3999945979
3999946007
3999946033
3999946051
3999946061
3999946073
3999946103
3999946193
3999946217
3999946219
3999946267
3999946277
3999946283
3999946289
3999946333
3999946373
3999946459
3999946463
3999946499
3999946547
3999946589
3999946591
3999946607
3999946627
3999946637
3999946673
3999946697
3999946787
3999946837
3999946843
3999946849
3999946871
3999946913
3999946919
3999946939
3999946943
3999946969
3999947009
3999947027
3999947059
3999947071
3999947087
3999947099
3999947111
3999947113
3999947239
3999947243
3999947269
3999947291
3999947353
3999947389
3999947401
3999947407
3999947437
3999947447
3999947461
3999947477
3999947521
3999947593
3999947597
3999947617
3999947681
3999947729
3999947767
3999947857
3999947881
3999947891
3999947923
3999947927
3999947929
3999947947
3999947951
3999947977
3999947993
3999948013
3999948023
3999948053
3999948067
3999948109
3999948149
3999948209
3999948283
3999948289
3999948313
3999948389
3999948409
3999948431
3999948467
3999948473
3999948481
3999948497
3999948517
3999948521
3999948553
3999948593
3999948599
3999948611
3999948661
3999948671
3999948713
3999948721
3999948727
3999948773
3999948809
3999948811
3999948829
3999948833
3999948839
3999948847
3999948919
3999949069
3999949181
3999949231
3999949237
3999949301
3999949337
3999949351
3999949361
3999949367
3999949391
3999949441
3999949453
3999949477
3999949493
3999949519
3999949537
3999949543
3999949553
3999949571
3999949579
3999949609
3999949631
3999949637
3999949687
3999949699
3999949727
3999949769
3999949777
3999949813
3999949819
3999949823
3999949829
3999949831
3999949843
3999949847
3999949859
3999949867
3999949957
3999949969
3999949979
3999949991
3999950029
3999950047
3999950089
3999950117
3999950137
3999950153
3999950161
3999950173
3999950177
3999950189
3999950191
3999950197
3999950203
3999950239
3999950261
3999950293
3999950299
3999950303
3999950327
3999950329
3999950341
3999950351
3999950413
3999950443
3999950467
3999950497
3999950531
3999950533
3999950543
3999950551
3999950561
3999950573
3999950579
3999950639
3999950653
3999950663
3999950681
3999950683
3999950729
3999950741
3999950771
3999950783
3999950789
3999950797
3999950803
3999950821
3999950833
3999950837
3999950869
3999950881
3999950909
3999950921
3999950951
3999950959
3999950963
3999950993
3999951001
3999951017
3999951071
3999951077
3999951133
3999951139
3999951157
3999951209
3999951217
3999951247
3999951251
3999951253
3999951259
3999951281
3999951283
3999951317
3999951391
3999951407
3999951427
3999951443
3999951451
3999951479
3999951481
3999951491
3999951493
3999951509
3999951517
3999951533
3999951577
3999951587
3999951601
3999951617
3999951629
3999951647
3999951671
3999951673
3999951679
3999951757
3999951803
3999951869
3999951881
3999951899
3999951929
3999951959
3999951983
3999952001
3999952013
3999952027
3999952097
3999952111
3999952127
3999952129
3999952133
3999952171
3999952183
3999952189
3999952261
3999952277
3999952349
3999952387
3999952403
3999952469
3999952477
3999952487
3999952499
3999952501
3999952507
3999952529
3999952547
3999952553
3999952597
3999952601
3999952633
3999952651
3999952711
3999952739
3999952753
3999952777
3999952787
3999952889
3999952937
3999952951
3999952961
3999952973
3999952987
3999952991
3999953101
3999953119
3999953123
3999953143
3999953147
3999953149
3999953159
3999953227
3999953231
3999953249
3999953297
3999953303
3999953311
3999953327
3999953357
3999953369
3999953387
3999953389
3999953411
3999953423
3999953429
3999953431
3999953449
3999953479
3999953651
3999953669
3999953677
3999953689
3999953693
3999953719
3999953779
3999953813
3999953819
3999953887
3999953927
3999953957
3999954019
3999954059
3999954067
3999954097
3999954103
3999954109
3999954121
3999954169
3999954187
3999954197
3999954229
3999954239
3999954289
3999954313
3999954341
3999954359
3999954367
3999954373
3999954377
3999954379
3999954401
3999954419
3999954443
3999954473
3999954479
3999954593
3999954631
3999954691
3999954703
3999954713
3999954719
3999954779
3999954799
3999954811
3999954821
3999954859
3999954869
3999954877
3999954913
3999954929
3999954941
3999954947
3999954979
3999954983
3999954989
3999954991
3999955049
3999955061
3999955133
3999955151
3999955171
3999955207
3999955241
3999955247
3999955273
3999955283
3999955303
3999955307
3999955319
3999955361
3999955363
3999955397
3999955481
3999955489
3999955499
3999955541
3999955549
3999955573
3999955579
3999955651
3999955657
3999955667
3999955679
3999955697
3999955717
3999955733
3999955741
3999955759
3999955763
3999955871
3999955889
3999955901
3999955903
3999955931
3999955961
3999955979
3999955987
3999956029
3999956041
3999956047
3999956099
3999956123
3999956131
3999956173
3999956183
3999956201
3999956221
3999956239
3999956251
3999956263
3999956287
3999956293
3999956297
3999956371
3999956383
3999956417
3999956423
3999956491
3999956509
3999956533
3999956539
3999956549
3999956557
3999956581
3999956603
3999956647
3999956659
3999956783
3999956789
3999956813
3999956839
3999956867
3999956881
3999956903
3999956923
3999956927
3999956957
3999956959
3999956971
3999957023
3999957029
3999957053
3999957061
3999957077
3999957131
3999957161
3999957167
3999957179
3999957229
3999957259
3999957263
3999957277
3999957287
3999957341
3999957343
3999957361
3999957371
3999957407
3999957433
3999957457
3999957469
3999957487
3999957503
3999957551
3999957593
3999957613
3999957629
3999957649
3999957677
3999957679
3999957707
3999957713
3999957721
3999957737
3999957803
3999957811
3999957817
3999957823
3999957847
3999957877
3999957887
3999957917
3999957937
3999957943
3999957959
3999957971
3999957977
3999957989
3999958007
3999958009
3999958013
3999958019
3999958031
3999958043
3999958051
3999958087
3999958093
3999958097
3999958187
3999958189
3999958213
3999958229
3999958279
3999958301
3999958309
3999958367
3999958387
3999958409
3999958421
3999958433
3999958471
3999958517
3999958553
3999958561
3999958583
3999958607
3999958609
3999958619
3999958621
3999958643
3999958649
3999958657
3999958663
3999958691
3999958693
3999958751
3999958757
3999958763
3999958817
3999958871
3999958877
3999958901
3999958903
3999958909
3999958969
3999958993
3999959011
3999959023
3999959077
3999959081
3999959113
3999959143
3999959167
3999959177
3999959191
3999959203
3999959219
3999959263
3999959267
3999959273
3999959281
3999959297
3999959309
3999959317
3999959321
3999959329
3999959351
3999959377
3999959413
3999959437
3999959443
3999959471
3999959479
3999959507
3999959533
3999959569
3999959599
3999959653
3999959659
3999959681
3999959723
3999959753
3999959759
3999959773
3999959779
3999959809
3999959813
3999959833
3999959839
3999959861
3999959881
3999959891
3999959897
3999959941
3999959947
3999960023
3999960031
3999960077
3999960089
3999960091
3999960109
3999960193
3999960229
3999960257
3999960281
3999960317
3999960323
3999960359
3999960361
3999960373
3999960407
3999960431
3999960511
3999960529
3999960539
3999960571
3999960611
3999960619
3999960649
3999960661
3999960667
3999960673
3999960677
3999960761
3999960763
3999960781
3999960791
3999960793
3999960823
3999960829
3999960847
3999960859
3999960893
3999960941
3999960949
3999960953
3999960977
3999961001
3999961061
3999961099
3999961103
3999961123
3999961181
3999961223
3999961241
3999961247
3999961249
3999961261
3999961267
3999961283
3999961289
3999961291
3999961313
3999961319
3999961327
3999961369
3999961397
3999961409
3999961411
3999961423
3999961429
3999961531
3999961541
3999961583
3999961597
3999961613
3999961663
3999961673
3999961697
3999961703
3999961711
3999961727
3999961741
3999961747
3999961759
3999961783
3999961787
3999961859
3999961873
3999961877
3999961913
3999961949
3999961951
3999961957
3999961969
3999962033
3999962041
3999962059
3999962117
3999962143
3999962167
3999962201
3999962203
3999962227
3999962231
3999962299
3999962303
3999962353
3999962357
3999962359
3999962363
3999962371
3999962381
3999962387
3999962389
3999962411
3999962423
3999962467
3999962471
3999962497
3999962507
3999962513
3999962539
3999962579
3999962597
3999962599
3999962609
3999962611
3999962647
3999962651
3999962653
3999962671
3999962711
3999962717
3999962719
3999962723
3999962731
3999962753
3999962773
3999962789
3999962801
3999962807
3999962851
3999962881
3999962903
3999962921
3999962933
3999962951
3999962957
3999963001
3999963007
3999963013
3999963029
3999963041
3999963109
3999963119
3999963137
3999963151
3999963161
3999963193
3999963221
3999963271
3999963287
3999963343
3999963379
3999963389
3999963397
3999963413
3999963437
3999963463
3999963547
3999963571
3999963593
3999963607
3999963631
3999963641
3999963719
3999963743
3999963749
3999963767
3999963769
3999963791
3999963827
3999963841
3999963853
3999963857
3999963871
3999963899
3999963911
3999963917
3999963937
3999963959
3999963973
3999964009
3999964013
3999964021
3999964039
3999964043
3999964121
3999964147
3999964159
3999964259
3999964271
3999964279
3999964301
3999964337
3999964351
3999964373
3999964427
3999964429
3999964471
3999964511
3999964567
3999964571
3999964597
3999964601
3999964637
3999964667
3999964673
3999964687
3999964699
3999964723
3999964739
3999964741
3999964781
3999964807
3999964819
3999964841
3999964849
3999964853
3999964889
3999964897
3999964909
3999964921
3999964931
3999964973
3999965009
3999965023
3999965083
3999965093
3999965111
3999965113
3999965131
3999965143
3999965161
3999965183
3999965201
3999965231
3999965237
3999965251
3999965257
3999965267
3999965293
3999965297
3999965303
3999965341
3999965363
3999965381
3999965399
3999965407
3999965413
3999965419
3999965461
3999965477
3999965507
3999965509
3999965521
3999965527
3999965533
3999965561
3999965579
3999965587
3999965591
3999965611
3999965639
3999965653
3999965677
3999965701
3999965707
3999965731
3999965741
3999965759
3999965779
3999965803
3999965821
3999965831
3999965839
3999965891
3999965897
3999965927
3999965933
3999965951
3999966007
3999966017
3999966031
3999966049
3999966073
3999966083
3999966151
3999966199
3999966251
3999966337
3999966367
3999966403
3999966449
3999966479
3999966497
3999966541
3999966563
3999966571
3999966577
3999966589
3999966617
3999966623
3999966653
3999966667
3999966709
3999966743
3999966767
3999966779
3999966853
3999966877
3999966917
3999966937
3999966953
3999966979
3999966989
3999967003
3999967019
3999967021
3999967087
3999967151
3999967171
3999967189
3999967253
3999967259
3999967261
3999967297
3999967313
3999967319
3999967331
3999967397
3999967453
3999967463
3999967471
3999967483
3999967507
3999967529
3999967567
3999967591
3999967597
3999967627
3999967669
3999967687
3999967691
3999967693
3999967703
3999967747
3999967753
3999967771
3999967781
3999967793
3999967819
3999967849
3999967879
3999967897
3999967903
3999967919
3999967921
3999967949
3999967963
3999967987
3999968069
3999968081
3999968083
3999968101
3999968113
3999968153
3999968191
3999968197
3999968209
3999968243
3999968263
3999968281
3999968309
3999968333
3999968411
3999968461
3999968501
3999968503
3999968513
3999968519
3999968561
3999968593
3999968611
3999968669
3999968701
3999968717
3999968729
3999968783
3999968813
3999968831
3999968837
3999968849
3999968851
3999968873
3999968891
3999968911
3999968933
3999968941
3999968957
3999968969
3999968971
3999968993
3999969019
3999969023
3999969041
3999969047
3999969059
3999969073
3999969109
3999969119
3999969121
3999969179
3999969191
3999969199
3999969209
3999969229
3999969257
3999969289
3999969299
3999969301
3999969329
3999969341
3999969343
3999969359
3999969419
3999969427
3999969461
3999969511
3999969539
3999969557
3999969563
3999969581
3999969599
3999969601
3999969647
3999969689
3999969707
3999969713
3999969749
3999969751
3999969817
3999969829
3999969847
3999969871
3999969907
3999969923
3999969929
3999969973
3999969983
3999969991
3999970031
3999970081
3999970129
3999970147
3999970151
3999970153
3999970157
3999970187
3999970213
3999970237
3999970259
3999970333
3999970339
3999970357
3999970361
3999970369
3999970397
3999970439
3999970441
3999970489
3999970501
3999970529
3999970547
3999970561
3999970567
3999970571
3999970577
3999970591
3999970603
3999970607
3999970627
3999970669
3999970693
3999970697
3999970747
3999970753
3999970757
3999970759
3999970769
3999970781
3999970787
3999970813
3999970831
3999970853
3999970883
3999970967
3999970969
3999970999
3999971023
3999971051
3999971057
3999971071
3999971077
3999971081
3999971083
3999971093
3999971177
3999971197
3999971201
3999971203
3999971251
3999971281
3999971291
3999971303
3999971317
3999971341
3999971359
3999971369
3999971383
3999971389
3999971399
3999971431
3999971453
3999971527
3999971539
3999971557
3999971581
3999971593
3999971621
3999971663
3999971669
3999971741
3999971753
3999971761
3999971771
3999971777
3999971779
3999971797
3999971821
3999971861
3999971863
3999971867
3999971873
3999971887
3999971909
3999971923
3999971993
3999972023
3999972037
3999972043
3999972049
3999972071
3999972089
3999972107
3999972133
3999972139
3999972157
3999972181
3999972239
3999972289
3999972299
3999972323
3999972329
3999972371
3999972409
3999972421
3999972463
3999972467
3999972469
3999972521
3999972533
3999972539
3999972601
3999972623
3999972659
3999972667
3999972763
3999972773
3999972797
3999972799
3999972817
3999972859
3999972869
3999972881
3999972883
3999972901
3999972913
3999972917
3999972919
3999972953
3999972979
3999973001
3999973007
3999973037
3999973051
3999973063
3999973073
3999973091
3999973127
3999973193
3999973249
3999973253
3999973273
3999973283
3999973291
3999973337
3999973339
3999973357
3999973409
3999973427
3999973463
3999973501
3999973507
3999973513
3999973531
3999973553
3999973561
3999973597
3999973603
3999973609
3999973619
3999973643
3999973657
3999973669
3999973697
3999973699
3999973711
3999973717
3999973721
3999973729
3999973751
3999973777
3999973787
3999973823
3999973883
3999973891
3999973919
3999973921
3999973951
3999974021
3999974029
3999974039
3999974071
3999974087
3999974119
3999974129
3999974201
3999974213
3999974243
3999974257
3999974261
3999974267
3999974269
3999974323
3999974327
3999974351
3999974383
3999974399
3999974431
3999974453
3999974477
3999974479
3999974507
3999974513
3999974521
3999974549
3999974581
3999974603
3999974617
3999974623
3999974647
3999974653
3999974663
3999974711
3999974731
3999974743
3999974807
3999974837
3999974851
3999974887
3999974893
3999974911
3999974963
3999975029
3999975053
3999975059
3999975079
3999975097
3999975113
3999975121
3999975139
3999975173
3999975181
3999975263
3999975277
3999975281
3999975299
3999975311
3999975313
3999975337
3999975341
3999975367
3999975383
3999975389
3999975409
3999975431
3999975443
3999975491
3999975559
3999975571
3999975583
3999975587
3999975593
3999975599
3999975641
3999975647
3999975649
3999975659
3999975689
3999975691
3999975751
3999975767
3999975769
3999975803
3999975841
3999975857
3999975899
3999975907
3999975929
3999976009
3999976027
3999976033
3999976037
3999976063
3999976103
3999976109
3999976129
3999976193
3999976231
3999976247
3999976249
3999976319
3999976327
3999976333
3999976367
3999976397
3999976403
3999976433
3999976439
3999976481
3999976489
3999976499
3999976507
3999976511
3999976553
3999976579
3999976601
3999976627
3999976637
3999976657
3999976693
3999976709
3999976711
3999976741
3999976793
3999976823
3999976861
3999976889
3999976891
3999976963
3999976969
3999976999
3999977017
3999977029
3999977053
3999977063
3999977083
3999977099
3999977143
3999977183
3999977207
3999977231
3999977239
3999977273
3999977281
3999977287
3999977329
3999977341
3999977369
3999977419
3999977459
3999977473
3999977479
3999977483
3999977521
3999977543
3999977557
3999977561
3999977599
3999977609
3999977621
3999977677
3999977699
3999977731
3999977741
3999977767
3999977789
3999977837
3999977857
3999977879
3999977881
3999977887
3999977899
3999977939
3999977951
3999977953
3999977977
3999978011
3999978023
3999978041
3999978061
3999978077
3999978107
3999978113
3999978197
3999978217
3999978223
3999978239
3999978253
3999978289
3999978361
3999978371
3999978377
3999978383
3999978403
3999978431
3999978449
3999978487
3999978503
3999978517
3999978527
3999978533
3999978581
3999978601
3999978611
3999978623
3999978673
3999978707
3999978733
3999978793
3999978821
3999978881
3999978937
3999978959
3999978979
3999978991
3999979007
3999979037
3999979051
3999979069
3999979103
3999979121
3999979141
3999979177
3999979187
3999979223
3999979253
3999979297
3999979337
3999979339
3999979343
3999979349
3999979363
3999979439
3999979471
3999979493
3999979531
3999979553
3999979567
3999979637
3999979661
3999979667
3999979723
3999979727
3999979751
3999979771
3999979813
3999979829
3999979849
3999979859
3999979877
3999979891
3999979909
3999979937
3999979969
3999979981
3999979993
3999980021
3999980029
3999980041
3999980059
3999980087
3999980093
3999980113
3999980123
3999980147
3999980161
3999980183
3999980191
3999980207
3999980227
3999980233
3999980273
3999980279
3999980297
3999980381
3999980401
3999980419
3999980429
3999980431
3999980447
3999980471
3999980503
3999980519
3999980533
3999980539
3999980563
3999980573
3999980591
3999980617
3999980627
3999980641
3999980651
3999980653
3999980657
3999980689
3999980729
3999980749
3999980753
3999980783
3999980819
3999980821
3999980837
3999980839
3999980843
3999980849
3999980857
3999980911
3999980927
3999980953
3999980969
3999980977
3999980981
3999980987
3999981059
3999981079
3999981101
3999981103
3999981109
3999981149
3999981211
3999981233
3999981257
3999981259
3999981263
3999981277
3999981317
3999981319
3999981347
3999981371
3999981373
3999981383
3999981407
3999981439
3999981463
3999981521
3999981541
3999981563
3999981703
3999981719
3999981721
3999981737
3999981751
3999981757
3999981761
3999981779
3999981781
3999981823
3999981827
3999981841
3999981847
3999981889
3999981893
3999981907
3999981961
3999981971
3999981983
3999981989
3999982043
3999982067
3999982069
3999982079
3999982081
3999982117
3999982121
3999982171
3999982223
3999982247
3999982291
3999982313
3999982319
3999982339
3999982361
3999982369
3999982373
3999982403
3999982457
3999982471
3999982489
3999982523
3999982537
3999982559
3999982573
3999982577
3999982603
3999982621
3999982639
3999982661
3999982687
3999982691
3999982699
3999982709
3999982711
3999982741
3999982783
3999982843
3999982849
3999982859
3999982871
3999982913
3999982933
3999982949
3999982957
3999982991
3999983003
3999983047
3999983059
3999983069
3999983077
3999983089
3999983101
3999983111
3999983167
3999983173
3999983203
3999983219
3999983233
3999983249
3999983263
3999983287
3999983347
3999983371
3999983387
3999983423
3999983459
3999983483
3999983489
3999983509
3999983513
3999983527
3999983563
3999983591
3999983593
3999983597
3999983609
3999983623
3999983639
3999983641
3999983653
3999983731
3999983761
3999983777
3999983789
3999983803
3999983849
3999983851
3999983861
3999983893
3999983899
3999984047
3999984071
3999984083
3999984097
3999984113
3999984137
3999984143
3999984151
3999984203
3999984311
3999984377
3999984379
3999984409
3999984427
3999984431
3999984497
3999984511
3999984563
3999984607
3999984623
3999984631
3999984691
3999984697
3999984707
3999984713
3999984733
3999984739
3999984787
3999984797
3999984847
3999984853
3999984883
3999984913
3999984917
3999984929
3999984953
3999985037
3999985043
3999985061
3999985163
3999985201
3999985237
3999985277
3999985289
3999985303
3999985333
3999985421
3999985439
3999985463
3999985477
3999985487
3999985519
3999985541
3999985547
3999985553
3999985589
3999985597
3999985643
3999985667
3999985669
3999985681
3999985687
3999985711
3999985721
3999985723
3999985727
3999985813
3999985817
3999985819
3999985853
3999985877
3999985919
3999985937
3999985987
3999986009
3999986021
3999986041
3999986059
3999986069
3999986099
3999986101
3999986113
3999986209
3999986213
3999986239
3999986251
3999986261
3999986279
3999986311
3999986323
3999986339
3999986359
3999986413
3999986449
3999986467
3999986477
3999986519
3999986537
3999986579
3999986587
3999986591
3999986621
3999986651
3999986657
3999986677
3999986681
3999986689
3999986701
3999986743
3999986777
3999986813
3999986819
3999986827
3999986857
3999986867
3999986869
3999986873
3999986891
3999986917
3999986959
3999986981
3999987031
3999987041
3999987049
3999987059
3999987073
3999987107
3999987127
3999987169
3999987209
3999987223
3999987263
3999987269
3999987281
3999987287
3999987367
3999987391
3999987427
3999987457
3999987577
3999987583
3999987637
3999987653
3999987679
3999987713
3999987721
3999987727
3999987763
3999987773
3999987791
3999987811
3999987829
3999987833
3999987853
3999987869
3999987881
3999987883
3999987911
3999987917
3999987923
3999987931
3999987949
3999987967
3999987991
3999987997
3999988081
3999988133
3999988141
3999988147
3999988159
3999988163
3999988229
3999988261
3999988271
3999988297
3999988301
3999988309
3999988313
3999988337
3999988393
3999988403
3999988427
3999988457
3999988469
3999988477
3999988501
3999988511
3999988513
3999988519
3999988529
3999988537
3999988549
3999988561
3999988567
3999988609
3999988631
3999988639
3999988649
3999988651
3999988669
3999988679
3999988691
3999988693
3999988717
3999988723
3999988777
3999988793
3999988819
3999988849
3999988873
3999988877
3999988901
3999988913
3999988919
3999988921
3999988969
3999988981
3999988999
3999989017
3999989093
3999989099
3999989141
3999989167
3999989171
3999989183
3999989207
3999989219
3999989251
3999989261
3999989293
3999989309
3999989359
3999989407
3999989431
3999989437
3999989467
3999989491
3999989503
3999989507
3999989509
3999989527
3999989531
3999989549
3999989569
3999989603
3999989629
3999989641
3999989647
3999989657
3999989663
3999989689
3999989711
3999989723
3999989729
3999989743
3999989767
3999989779
3999989809
3999989827
3999989887
3999989909
3999989957
3999990011
3999990017
3999990031
3999990091
3999990107
3999990121
3999990157
3999990193
3999990209
3999990229
3999990259
3999990343
3999990361
3999990389
3999990431
3999990433
3999990439
3999990451
3999990461
3999990479
3999990499
3999990521
3999990539
3999990541
3999990551
3999990557
3999990587
3999990691
3999990721
3999990733
3999990749
3999990803
3999990859
3999990871
3999990887
3999990899
3999990901
3999990923
3999990937
3999990949
3999990989
3999991043
3999991049
3999991067
3999991087
3999991097
3999991117
3999991133
3999991139
3999991147
3999991189
3999991211
3999991213
3999991267
3999991277
3999991297
3999991313
3999991327
3999991337
3999991403
3999991427
3999991439
3999991453
3999991477
3999991481
3999991487
3999991573
3999991601
3999991607
3999991609
3999991621
3999991627
3999991643
3999991649
3999991657
3999991687
3999991691
3999991717
3999991747
3999991759
3999991763
3999991769
3999991781
3999991843
3999991889
3999991909
3999991949
3999992023
3999992027
3999992063
3999992083
3999992089
3999992147
3999992179
3999992219
3999992251
3999992287
3999992291
3999992323
3999992327
3999992329
3999992333
3999992377
3999992389
3999992413
3999992429
3999992459
3999992489
3999992501
3999992539
3999992551
3999992561
3999992573
3999992603
3999992671
3999992681
3999992723
3999992749
3999992753
3999992797
3999992807
3999992809
3999992831
3999992863
3999992873
3999992911
3999992957
3999992963
3999992987
3999993007
3999993013
3999993071
3999993073
3999993083
3999993103
3999993133
3999993161
3999993167
3999993241
3999993269
3999993281
3999993289
3999993311
3999993367
3999993407
3999993419
3999993467
3999993469
3999993499
3999993511
3999993533
3999993551
3999993589
3999993611
3999993617
3999993623
3999993637
3999993653
3999993659
3999993691
3999993713
3999993721
3999993727
3999993749
3999993761
3999993787
3999993827
3999993883
3999993889
3999993911
3999993929
3999993941
3999993967
3999993997
3999994027
3999994043
3999994081
3999994087
3999994091
3999994093
3999994109
3999994151
3999994169
3999994211
3999994249
3999994279
3999994291
3999994307
3999994351
3999994357
3999994363
3999994381
3999994421
3999994441
3999994451
3999994457
3999994459
3999994463
3999994487
3999994499
3999994543
3999994553
3999994571
3999994591
3999994619
3999994763
3999994781
3999994811
3999994819
3999994829
3999994861
3999994897
3999994903
3999994937
3999994963
3999994967
3999994979
3999994993
3999995047
3999995099
3999995101
3999995117
3999995123
3999995147
3999995191
3999995203
3999995221
3999995239
3999995243
3999995257
3999995261
3999995269
3999995303
3999995327
3999995347
3999995369
3999995393
3999995423
3999995449
3999995459
3999995497
3999995513
3999995533
3999995543
3999995581
3999995599
3999995663
3999995687
3999995737
3999995777
3999995827
3999995933
3999995971
3999995983
3999996031
3999996047
3999996067
3999996089
3999996097
3999996103
3999996107
3999996131
3999996137
3999996167
3999996173
3999996211
3999996251
3999996277
3999996293
3999996307
3999996323
3999996373
3999996379
3999996421
3999996431
3999996457
3999996499
3999996551
3999996601
3999996607
3999996647
3999996659
3999996667
3999996683
3999996727
3999996731
3999996739
3999996751
3999996773
3999996787
3999996797
3999996799
3999996817
3999996877
3999996887
3999996919
3999996947
3999997019
3999997037
3999997049
3999997061
3999997081
3999997093
3999997109
3999997117
3999997121
3999997139
3999997159
3999997163
3999997237
3999997241
3999997319
3999997349
3999997387
3999997403
3999997409
3999997427
3999997429
3999997447
3999997489
3999997499
3999997501
3999997523
3999997559
3999997567
3999997681
3999997691
3999997693
3999997699
3999997721
3999997723
3999997733
3999997763
3999997783
3999997789
3999997817
3999997853
3999997867
3999997931
3999997943
3999997993
3999998029
3999998077
3999998083
3999998117
3999998131
3999998137
3999998141
3999998207
3999998239
3999998251
3999998267
3999998291
3999998329
3999998377
3999998381
3999998383
3999998407
3999998411
3999998447
3999998461
3999998489
3999998531
3999998539
3999998549
3999998599
3999998621
3999998641
3999998707
3999998713
3999998729
3999998741
3999998771
3999998803
3999998813
3999998857
3999998879
3999998887
3999998897
3999998917
3999998927
3999998941
3999998953
3999998999
3999999013
3999999049
3999999053
3999999067
3999999079
3999999089
3999999097
3999999103
3999999119
3999999121
3999999137
3999999151
3999999167
3999999193
3999999217
3999999221
3999999229
3999999257
3999999281
3999999323
3999999331
3999999359
3999999389
3999999397
3999999433
3999999439
3999999473
3999999499
3999999527
3999999557
3999999559
3999999569
3999999583
3999999587
3999999593
3999999599
3999999611
3999999613
3999999617
3999999637
3999999659
3999999673
3999999677
3999999733
3999999761
3999999791
3999999797
3999999799
3999999869
3999999881
3999999901
3999999911
3999999919
3999999937
3999999979
4000000007
4000000009
4000000019
4000000063
4000000133
4000000157
4000000163
4000000187
4000000229
4000000231
4000000241
4000000273
4000000351
4000000373
4000000387
4000000427
4000000451
4000000453
4000000483
4000000531
4000000553
4000000559
4000000561
4000000573
4000000579
4000000591
4000000597
4000000607
4000000619
4000000661
4000000663
4000000687
4000000723
4000000727
4000000733
4000000787
4000000801
4000000813
4000000831
4000000861
4000000913
4000000951
4000000981
